0.000000000000e+00
0.000000000000e+00
0.000000000000e+00
0.000000000000e+00
0.000000000000e+00
0.000000000000e+00
0.000000000000e+00
0.000000000000e+00
0.000000000000e+00
0.000000000000e+00
1.115410277220e-01
1.137953079442e-01
1.121042308303e-01
1.067727264795e-01
1.008459307242e-01
9.661990343983e-02
9.432149475589e-02
9.204168357712e-02
8.533311401714e-02
4.320239474094e-03
1.493112575079e-01
1.543723488733e-01
1.461566565685e-01
1.299161987037e-01
1.163295311803e-01
1.114886288816e-01
1.175177368312e-01
1.344653668969e-01
1.603891595574e-01
6.217652402212e-02
2.337778196783e-01
2.454719773298e-01
2.088648621714e-01
1.578898612519e-01
1.181302675409e-01
9.838314768067e-02
1.028413576127e-01
1.403057262010e-01
2.340486362168e-01
3.678794411714e-01
4.439678088056e-01
4.559666861471e-01
3.354726607173e-01
2.177957139009e-01
1.339061156315e-01
8.198312243198e-02
5.699367385418e-02
6.635127714132e-02
1.645595644074e-01
8.948393168144e-01
8.948393168144e-01
6.718453080662e-01
4.383586200594e-01
2.662310537024e-01
1.559944726849e-01
8.943788750204e-02
5.036067407449e-02
2.787397322069e-02
1.518416049233e-02
8.157883543765e-03
3.678794411714e-01
3.069460213610e-01
2.307377262346e-01
1.597602059469e-01
1.036383136468e-01
6.384801172914e-02
3.776462529006e-02
2.163583156090e-02
1.209230116676e-02
6.630531426126e-03
6.217652402212e-02
5.383796981562e-02
4.325418423939e-02
3.264001753942e-02
2.335631595119e-02
1.597016132732e-02
1.049961729163e-02
6.671820512179e-03
4.115427384461e-03
2.473432821425e-03
4.320239474094e-03
3.806644571625e-03
3.164273300214e-03
2.502815039764e-03
1.896462942541e-03
1.384148308805e-03
9.774029724678e-04
6.702191811366e-04
4.476654835943e-04
2.920255125866e-04
0.000000000000e+00
0.000000000000e+00
0.000000000000e+00
0.000000000000e+00
0.000000000000e+00
0.000000000000e+00
0.000000000000e+00
0.000000000000e+00
0.000000000000e+00
0.000000000000e+00
